[11, 3, 14, 16, 7, 34, 7, 86, 25, 87, 33]
[3, 11, 14, 16, 7, 34, 7, 86, 25, 87, 33]
[3, 11, 14, 7, 16, 34, 7, 86, 25, 87, 33]
[3, 11, 14, 7, 16, 7, 34, 86, 25, 87, 33]
[3, 11, 14, 7, 16, 7, 34, 25, 86, 87, 33]
[3, 11, 14, 7, 16, 7, 34, 25, 86, 33, 87]
[3, 11, 7, 14, 16, 7, 34, 25, 86, 33, 87]
[3, 11, 7, 14, 7, 16, 34, 25, 86, 33, 87]
[3, 11, 7, 14, 7, 16, 25, 34, 86, 33, 87]
[3, 11, 7, 14, 7, 16, 25, 34, 33, 86, 87]
[3, 7, 11, 14, 7, 16, 25, 34, 33, 86, 87]
[3, 7, 11, 7, 14, 16, 25, 34, 33, 86, 87]
[3, 7, 11, 7, 14, 16, 25, 33, 34, 86, 87]
[11, 3, 14, 16, 7, 34, 7, 86, 25, 87, 33]
[3, 11, 14, 16, 7, 34, 7, 86, 25, 87, 33]
[3, 11, 14, 7, 16, 34, 7, 86, 25, 87, 33]
[3, 11, 14, 7, 16, 7, 34, 86, 25, 87, 33]
[3, 11, 14, 7, 16, 7, 34, 25, 86, 87, 33]
[3, 11, 14, 7, 16, 7, 34, 25, 86, 33, 87]
[3, 11, 7, 14, 16, 7, 34, 25, 86, 33, 87]
[3, 11, 7, 14, 7, 16, 34, 25, 86, 33, 87]
[3, 11, 7, 14, 7, 16, 25, 34, 86, 33, 87]
[3, 11, 7, 14, 7, 16, 25, 34, 33, 86, 87]
[3, 7, 11, 14, 7, 16, 25, 34, 33, 86, 87]
[3, 7, 11, 7, 14, 16, 25, 34, 33, 86, 87]
[3, 7, 11, 7, 14, 16, 25, 33, 34, 86, 87]
[11, 3, 14, 16, 7, 34, 7, 86, 25, 87, 33]
[3, 11, 14, 16, 7, 34, 7, 86, 25, 87, 33]
[3, 11, 14, 7, 16, 34, 7, 86, 25, 87, 33]
[3, 11, 14, 7, 16, 7, 34, 86, 25, 87, 33]
[3, 11, 14, 7, 16, 7, 34, 25, 86, 87, 33]
[3, 11, 14, 7, 16, 7, 34, 25, 86, 33, 87]
[3, 11, 7, 14, 16, 7, 34, 25, 86, 33, 87]
[3, 11, 7, 14, 7, 16, 34, 25, 86, 33, 87]
[3, 11, 7, 14, 7, 16, 25, 34, 86, 33, 87]
[3, 11, 7, 14, 7, 16, 25, 34, 33, 86, 87]
[3, 7, 11, 14, 7, 16, 25, 34, 33, 86, 87]
[3, 7, 11, 7, 14, 16, 25, 34, 33, 86, 87]
[3, 7, 11, 7, 14, 16, 25, 33, 34, 86, 87]
[11, 3, 14, 16, 7, 34, 7, 86, 25, 87, 33]
[3, 11, 14, 16, 7, 34, 7, 86, 25, 87, 33]
[3, 11, 14, 7, 16, 34, 7, 86, 25, 87, 33]
[3, 11, 14, 7, 16, 7, 34, 86, 25, 87, 33]
[3, 11, 14, 7, 16, 7, 34, 25, 86, 87, 33]
[3, 11, 14, 7, 16, 7, 34, 25, 86, 33, 87]
[3, 11, 7, 14, 16, 7, 34, 25, 86, 33, 87]
[3, 11, 7, 14, 7, 16, 34, 25, 86, 33, 87]
[3, 11, 7, 14, 7, 16, 25, 34, 86, 33, 87]
[3, 11, 7, 14, 7, 16, 25, 34, 33, 86, 87]
[3, 7, 11, 14, 7, 16, 25, 34, 33, 86, 87]
[3, 7, 11, 7, 14, 16, 25, 34, 33, 86, 87]
[3, 7, 11, 7, 14, 16, 25, 33, 34, 86, 87]
[11, 3, 14, 16, 7, 34, 7, 86, 25, 87, 33]
[3, 11, 14, 16, 7, 34, 7, 86, 25, 87, 33]
[3, 11, 14, 7, 16, 34, 7, 86, 25, 87, 33]
[3, 11, 14, 7, 16, 7, 34, 86, 25, 87, 33]
[3, 11, 14, 7, 16, 7, 34, 25, 86, 87, 33]
[3, 11, 14, 7, 16, 7, 34, 25, 86, 33, 87]
[3, 11, 7, 14, 16, 7, 34, 25, 86, 33, 87]
[3, 11, 7, 14, 7, 16, 34, 25, 86, 33, 87]
[3, 11, 7, 14, 7, 16, 25, 34, 86, 33, 87]
[3, 11, 7, 14, 7, 16, 25, 34, 33, 86, 87]
[3, 7, 11, 14, 7, 16, 25, 34, 33, 86, 87]
[3, 7, 11, 7, 14, 16, 25, 34, 33, 86, 87]
[3, 7, 11, 7, 14, 16, 25, 33, 34, 86, 87]
